[80.260604, 41.168779]
[79.922211, 37.114157]
[121.480237, 31.236305]
[113.758231, 23.026997]
[118.588614, 37.454925]
[113.399023, 22.522262]
[111.526153, 36.094052]
[118.36299, 35.110531]
[124.362564, 40.00569]
[119.929503, 28.472979]
[87.623314, 43.832806]
[113.128432, 23.027707]
[115.471052, 38.880055]
[103.840692, 36.067312]
[109.846755, 40.663636]
[116.413554, 39.911013]
[109.126614, 21.486955]
[118.802891, 32.064735]
[108.373351, 22.823037]
[115.864528, 28.687675]
[120.900301, 31.985237]
[118.095915, 24.485821]
[121.426996, 28.662297]
[117.235447, 31.82687]
[111.758518, 40.847461]
[108.715712, 34.335599]
[126.542417, 45.807782]
[118.187036, 39.636673]
[120.762045, 30.750912]
[113.306446, 40.082539]
[121.621391, 38.919345]
[117.205914, 39.090908]
[112.55706, 37.876885]
[122.128245, 37.519322]
[121.556686, 29.880177]
[107.243899, 34.367747]
[118.282062, 33.967686]
[119.980142, 31.816791]
[113.270793, 23.135308]
[116.69034, 39.54352]
[109.496361, 36.591003]
[114.894165, 40.830172]
[117.29235, 34.210143]
[116.365825, 37.441313]
[114.423348, 23.116409]
[104.071216, 30.576279]
[119.419107, 32.39986]
[117.969798, 40.957855]
[91.121025, 29.650088]
[120.318954, 31.496704]
[119.533606, 35.422798]
[102.839667, 24.885953]
[120.161693, 30.280059]
[117.328513, 34.816569]
[109.42198, 24.331519],
[113.140431, 27.833737]
[114.311831, 30.598428]
[116.688739, 23.359289]
[113.088165, 22.584459]
[123.438973, 41.811339]
[116.845272, 38.31022]
[114.707097, 23.749829]
[118.682316, 24.880242]
[117.094893, 36.205905]
[119.932115, 32.4612]
[117.001319, 36.671627]
[116.593852, 35.420269]
[110.206424, 20.050057]
[118.061254, 36.819182]
[119.022429, 33.616272]
[114.066112, 22.548515]
[113.062619, 23.688238]
[120.705869, 28.001095]
[109.516739, 34.505687]
[120.094566, 30.899015]
[112.950575, 27.83585]
[117.9792, 37.388387]
[119.168138, 36.713212]
[121.454425, 37.469868]
[102.5537, 24.357512],
[113.583235, 22.276392]
[120.168187, 33.355301]
[122.077269, 41.125939]
[114.520828, 38.048684]
[119.302938, 26.080447]
[119.606184, 39.941259]
[120.586673, 30.036519]
[115.992077, 36.462681]
[112.47177, 23.052984]
[122.214339, 29.991092]
[120.589613, 31.304566]
[117.683221, 36.219357]
[115.487696, 35.239435]
[122.241475, 40.672565]
[120.843388, 40.717364]
[115.676942, 37.745166]
[118.880768, 28.941661]
[101.784269, 36.623477]
[108.946306, 34.347436]
[106.636816, 26.652747]
[119.229571, 34.602342]
[114.510889, 37.076646]
[114.545808, 36.631222]
[113.631349, 34.753488]
[109.787314, 39.61463]
[106.557165, 29.570997]
[119.654027, 29.084455]
[108.951558, 34.902957]
[106.238976, 38.492392]
[119.431494, 32.195688]
[125.33017, 43.82178]
[112.945333, 28.233971]
[113.123046, 36.201585]
[113.587087, 37.86234]
[120.389445, 36.072358]
[113.603757, 24.816174]
[116.007993, 29.711328]
[125.109727, 46.593216]
[119.554701, 26.671748]
[112.740804, 38.422382]
[106.39078, 38.989783]
[117.497839, 30.67098]
[117.006189, 32.631837]
[89.196029, 42.957303]
[111.292971, 30.697602]
[117.184967, 29.274337]
[117.070127, 30.548594]
[98.863189, 25.823736]
[122.845302, 45.6254]
[113.86077, 27.62897]
[116.364627, 27.953603]
[120.457301, 41.579487]
[102.003965, 36.406412]
[109.745507, 28.317399]
[117.075765, 28.265879]
[105.735357, 38.857806]
[130.304284, 47.356043]
[106.205161, 38.003863]
[86.085507, 44.312423]
[114.313904, 34.802941]
[129.515602, 42.897211]
[104.144182, 36.550821]
[111.148086, 37.525476]
[113.389071, 31.696341]
[103.04636, 30.021277]
[113.198935, 33.772051]
[121.676518, 42.027983]
[100.98114, 22.788486]
[109.518646, 18.258217]
[114.94126, 25.837179]
[105.849993, 32.441808]
[121.133631, 41.100869]
[106.117231, 30.843297]
[112.578397, 26.899517]
[123.924531, 47.360087]
[122.044544, 46.088444]
[106.80185, 39.660154]
[101.534082, 25.051226]
[128.84704, 47.733329]
[104.928233, 33.406825]
[112.205843, 31.041792]
[125.150107, 42.8943]
[110.008116, 27.575595]
[129.638976, 44.558647]
[102.021495, 35.526125]
[110.365494, 21.277163]
[105.731276, 34.587162]
[107.990602, 26.589858]
[112.051045, 22.921154]
[109.03592, 32.690575]
[88.956063, 29.26816]
[100.907395, 36.960702]
[97.377823, 37.382839]
[115.00027, 27.119751]
[115.045433, 30.205336]
[116.970454, 33.652034]
[110.931773, 21.669051]
[111.989051, 21.864421]
[114.099264, 32.153186]
[111.206832, 34.778442]
[114.328967, 29.847123]
[113.858804, 34.041737]
[99.168373, 25.117882],
[114.304044, 35.752656]
[111.013379, 35.032587]
[107.474504, 31.214347]
[111.704994, 29.037723]
[98.500427, 39.738615],
[118.512691, 31.67633],
[112.535009, 32.996701]
[111.474133, 27.245167]
[107.528663, 26.260586]
[113.922962, 30.930712]
[105.952622, 26.259904]
[123.243726, 41.274452]
[104.910858, 25.095974]
[84.89587, 45.585765],
[107.649305, 35.716096]
[119.77221, 49.217977],
[104.836786, 26.599086]
[114.923664, 27.823541]
[131.009618, 45.776512]
[115.662798, 34.420378]
[114.02323, 33.587703],
[113.140223, 40.999972]
[112.905773, 30.407633]
[104.631662, 35.587354]
[130.976161, 45.300906]
[115.381693, 22.791322]
[124.356844, 43.172447]
[100.803836, 22.013792]
[105.599152, 30.539156]
[109.94688, 33.876525]
[100.626831, 36.292132]
[104.221606, 23.404187]
[116.529651, 31.741226]
[110.484925, 29.122477]
[116.62943, 23.662923]
[117.395835, 32.921498]
[110.296442, 25.279893]
[102.917605, 34.98901]
[114.029465, 33.017546]
[94.368109, 29.654792]
[106.624969, 23.907845]
[123.000974, 41.114122]
[113.021311, 25.776711]
[106.753912, 31.872851]
[109.494763, 30.277908]
[110.80454, 32.635042]
[100.10566, 23.914336]
[105.449092, 28.877577]
[106.671741, 35.549266]
[118.765196, 30.946576]
[104.686164, 31.473364]
[130.32696, 46.806581]
[106.933658, 27.731749]
[108.66089, 21.985392]
[97.01308, 33.011061]
[123.773468, 41.299847]
[112.438184, 39.33789]
[105.333323, 27.408562]
[100.456221, 38.932187]
[118.1843, 26.647662]
[115.035917, 35.767586]
[104.648103, 28.75761]
[109.168558, 27.674903]
[124.831633, 45.147201]
[117.653827, 24.519197]
[111.285647, 23.482873]
[112.460033, 34.624376]
[117.023668, 25.081257]
[119.014232, 25.45996]
[112.609314, 35.072867]
[93.522785, 42.824642]
[103.723311, 27.344057]
[100.274223, 25.612206]
[87.314822, 44.016923]
[99.70948, 27.825264]
[127.535014, 50.251193]
[126.556073, 43.843512]
[106.639772, 30.461708]
[118.174807, 30.133213]
[104.404319, 31.133105]
[108.091898, 24.698828]
[112.361677, 28.559818]
[125.946506, 41.733906]
[111.618703, 26.426612]
[114.703433, 33.631958]
[116.129179, 24.294311]
[116.054141, 43.939525]
[106.24917, 36.021609]
[118.323252, 32.308165]
[112.24722, 30.340606]
[118.439561, 31.358798]
[112.250093, 32.229169]
[109.741195, 38.290886]
[100.251341, 34.477207]
[110.18743, 22.660656]
[103.217303, 35.607475]
[114.901557, 30.396522]
[112.759375, 37.692757]
[86.151584, 41.770226]
[113.549403, 22.192961]
[105.065028, 29.585836]
[116.37922, 23.555773]
[122.251207, 43.658363]
[115.821389, 32.895879]
[105.203332, 37.506058]
[117.818795, 30.950899]
[103.38215, 23.369914]
[103.802685, 25.496328]
[114.171994, 22.281089]
[107.030197, 33.07382]
[103.77193, 29.558141]
[113.933349, 35.308973]
[112.857706, 35.496081]
[107.394129, 40.749427]
[102.644524, 37.934078]
[113.135679, 29.363262]
[118.895463, 42.264586]
[126.431052, 41.94643]
[101.725262, 26.588109]
[114.878872, 30.459422]
[126.975678, 46.658789]
[131.165442, 46.652966]
[102.273965, 27.887685]
[81.330697, 43.922815]
[98.591419, 24.438031]
[114.3996, 36.103649]
[117.645742, 26.269683]
[114.422683, 27.820089]
[117.950028, 28.460864]
[104.784891, 29.345379]
[112.001082, 27.703196]
[100.23357, 26.862521]
[108.361138, 21.693439]
[116.804878, 33.96064]
[109.587145, 19.527081]
[98.863189, 25.823736]
[113.248557, 35.221493]
[123.848797, 42.292573]
[123.963595, 41.886078]
[117.88049, 31.608733]
[100.803836, 22.013792]
[98.591419, 24.438031]
[109.485727, 30.30089]
[109.745507, 28.317399]
[102.269526, 27.900601]
[102.231186, 31.905609]
[107.528663, 26.260586]
[107.990602, 26.589858]
[104.910858, 25.095974]
[100.274223, 25.612206]
[103.38215, 23.369914]
[104.221606, 23.404187]
[101.534082, 25.051226]
[99.70948, 27.825264]
[91.779601, 29.24309]
[92.0578, 31.482375]
[82.073064, 44.912168]
[103.217303, 35.607475]
[102.917605, 34.98901]
[94.909745, 36.408588]
[84.90832, 44.432645]
[115.7786, 33.8445]
[107.3647, 22.3765]
[110.3588, 19.6814]
[108.6518, 19.0953]
[109.5989, 23.1115]
[111.5666, 24.4035]
[98.2891, 39.7731]
[102.188, 38.52]
[109.2214, 23.7503]
[109.173, 18.7502]
[110.0375, 18.506]
[103.8485, 30.0754]
[110.4921, 19.2396]
[120.9605, 23.6978]
[113.3169, 30.8657]
[110.1034, 19.3517]
[110.3816, 18.8078]
[113.8259, 25.8228]
[109.5169, 18.7751]
[113.4234, 30.3608]
[104.652, 30.1246]
[117.17, 31.52]
[119.18, 26.05]
[103.51, 36.04]
[113.14, 23.08]
[108.19, 22.48]
[106.42, 26.35]
[110.2, 20.02]
[114.3, 38.02]
[113.4, 34.46]
[126.36, 45.44]
[114.17, 30.35]
[112.59, 28.12]
[118.46, 32.03]
[115.55, 28.4]
[123.25, 41.48]
[111.41, 40.48]
[106.16, 38.27]
[101.48, 36.38]
[117.0, 36.4]
[112.33, 37.54]
[108.57, 34.17]
[104.04, 30.4]
[91.08, 29.39]
[87.36, 43.45]
[102.42, 25.04]
[120.1, 30.16]
[67.709953, 33.93911]
[17.873887, -11.202692]
[20.168331, 41.153332]
[53.847818, 23.424076]
[-63.61667199999999, -38.416097]
[45.038189, 40.069099]
[69.348557, -49.280366]
[133.775136, -25.274398]
[14.550072, 47.516231]
[47.576927, 40.143105]
[29.918886, -3.373056]
[4.469936, 50.503887]
[2.315834, 9.30769]
[-1.561593, 12.238333]
[90.356331, 23.684994]
[25.48583, 42.733883]
[-77.39627999999999, 25.03428]
[17.679076, 43.915886]
[27.953389, 53.709807]
[-88.49765, 17.189877]
[-64.7505, 32.3078]
[-63.58865299999999, -16.290154]
[-51.92528, -14.235004]
[114.727669, 4.535277]
[90.433601, 27.514162]
[24.684866, -22.328474]
[20.939444, 6.611110999999999]
[-106.346771, 56.130366]
[8.227511999999999, 46.818188]
[-71.542969, -35.675147]
[104.195397, 35.86166]
[-5.547079999999999, 7.539988999999999]
[12.354722, 7.369721999999999]
[21.758664, -4.038333]
[15.827659, -0.228021]
[-74.297333, 4.570868]
[-83.753428, 9.748916999999999]
[-77.781167, 21.521757]
[33.429859, 35.126413]
[33.429859, 35.126413]
[15.472962, 49.81749199999999]
[10.451526, 51.165691]
[42.590275, 11.825138]
[9.501785, 56.26392]
[-70.162651, 18.735693]
[1.659626, 28.033886]
[-78.18340599999999, -1.831239]
[30.802498, 26.820553]
[39.782334, 15.179384]
[-3.74922, 40.46366700000001]
[25.013607, 58.595272]
[40.489673, 9.145000000000001]
[25.748151, 61.92410999999999]
[178.065032, -17.713371]
[-59.523613, -51.796253]
[2.213749, 46.227638]
[11.609444, -0.803689]
[-3.435973, 55.378051]
[-82.9000751, 32.1656221]
[-1.023194, 7.946527]
[-9.696645, 9.945587]
[-15.310139, 13.443182]
[-15.180413, 11.803749]
[10.267895, 1.650801]
[21.824312, 39.074208]
[-42.604303, 71.706936]
[-90.23075899999999, 15.783471]
[-53.125782, 3.933889]
[-58.93018, 4.860416]
[-86.241905, 15.199999]
[15.2, 45.1]
[-72.285215, 18.971187]
[19.503304, 47.162494]
[113.921327, -0.789275]
[-8.24389, 53.41291]
[53.688046, 32.427908]
[43.679291, 33.223191]
[-19.020835, 64.963051]
[34.851612, 31.046051]
[12.56738, 41.87194]
[-77.297508, 18.109581]
[36.238414, 30.585164]
[138.252924, 36.204824]
[66.923684, 48.019573]
[37.906193, -0.023559]
[74.766098, 41.20438]
[104.990963, 12.565679]
[127.766922, 35.907757]
[20.902977, 42.6026359]
[47.481766, 29.31166]
[102.495496, 19.85627]
[35.862285, 33.854721]
[-9.429499000000002, 6.428055]
[17.228331, 26.3351]
[80.77179699999999, 7.873053999999999]
[28.233608, -29.609988]
[23.881275, 55.169438]
[6.129582999999999, 49.815273]
[24.603189, 56.879635]
[-7.092619999999999, 31.791702]
[28.369885, 47.411631]
[46.869107, -18.766947]
[-102.552784, 23.634501]
[21.745275, 41.608635]
[-3.996166, 17.570692]
[95.956223, 21.913965]
[19.37439, 42.708678]
[103.846656, 46.862496]
[35.529562, -18.665695]
[-10.940835, 21.00789]
[34.301525, -13.254308]
[101.975766, 4.210484]
[18.49041, -22.95764]
[165.618042, -20.904305]
[8.081666, 17.607789]
[8.675277, 9.081999]
[-85.207229, 12.865416]
[5.291265999999999, 52.132633]
[8.468945999999999, 60.47202399999999]
[84.12400799999999, 28.394857]
[174.885971, -40.900557]
[55.923255, 21.512583]
[69.34511599999999, 30.375321]
[-80.782127, 8.537981]
[-75.015152, -9.189967]
[121.774017, 12.879721]
[143.95555, -6.314992999999999]
[19.145136, 51.919438]
[-66.590149, 18.220833]
[127.510093, 40.339852]
[-8.224454, 39.39987199999999]
[-58.443832, -23.442503]
[51.183884, 25.354826]
[24.96676, 45.943161]
[105.318756, 61.52401]
[29.873888, -1.940278]
[-12.885834, 24.215527]
[45.079162, 23.885942]
[30.217636, 12.862807]
[31.3069788, 6.876991899999999]
[-14.452362, 14.497401]
[160.156194, -9.64571]
[-11.779889, 8.460555]
[-88.89653, 13.794185]
[46.8252838, 9.411743399999999]
[46.199616, 5.152149]
[21.005859, 44.016521]
[-56.027783, 3.919305]
[19.699024, 48.669026]
[14.995463, 46.151241]
[18.643501, 60.12816100000001]
[31.465866, -26.522503]
[38.996815, 34.80207499999999]
[18.732207, 15.454166]
[0.824782, 8.619543]
[100.992541, 15.870032]
[71.276093, 38.861034]
[59.556278, 38.969719]
[125.727539, -8.874217]
-61.222503, 10.691803]
[9.537499, 33.886917]
[35.243322, 38.963745]
[34.888822, -6.369028]
[32.290275, 1.373333]
[31.16558, 48.379433]
[-55.765835, -32.522779]
[-95.712891, 37.09024]
[64.585262, 41.377491]
[-66.58973, 6.42375]
[108.277199, 14.058324]
[166.959158, -15.376706]
[35.3027226, 31.9465703]
[48.516388, 15.552727]
[22.937506, -30.559482]
[27.849332, -13.133897]
[29.154857, -19.015438]
[43.872219, -11.875001]
[106.515414, -6.10304]
[78.96288, 20.593684]